3.893603973548944275e+00 1.272876681262740339e+00 -1.103802974516399260e+01 -7.607743853485156471e+00
2.987104841161940527e+00 7.418174114243543116e+00 5.541229032339781924e+00 5.378121888220487312e-01
3.353116274883388925e+00 5.231589745971737315e+00 7.001215667074587756e+00 2.140726289560230811e+00
3.216572932497676618e+00 7.260986264715452165e+00 5.058774983430056160e+00 8.838131915398713678e-01
-4.830497923290296924e+00 7.105892100528116373e+00 -4.058538568897088750e-01 4.226249828462518288e+00
3.080143265228229232e+00 1.964648163360811495e+00 -1.019405816832104783e+01 -8.942450309015637089e+00
-4.313724209291228462e+00 7.424076217533872146e+00 1.674759674383896169e+00 3.414521307666404049e+00
3.761826668670647411e+00 6.644572821356775627e-01 -9.971227686942270907e+00 -6.905240409770931898e+00
3.449639626525564218e+00 5.529364905069923175e+00 7.195905712830896306e+00 1.486572076969269629e+00
4.180358154804525661e+00 1.633644709534513906e+00 -1.007690527396574964e+01 -7.396032864033978527e+00
-5.795881217271636743e+00 5.398115650276476885e+00 2.028860320676513673e+00 3.875064620894903111e+00
1.140321323874507353e+00 7.179767827565409100e+00 6.586727944317019912e+00 -2.670818494140134725e-01
5.270272915129535107e+00 1.914605870307074298e+00 -1.041392214868183075e+01 -6.605848080773967013e+00
3.403175060978516520e+00 6.671212669009482177e+00 7.374516196215049391e+00 -8.607128060522939439e-01
3.952163610244868952e+00 7.339380293924961940e+00 6.185344298650484518e+00 1.598714675430605858e+00
4.084299295571090838e+00 1.932774828803451861e+00 -8.093630277236259829e+00 -6.920831988117070566e+00
4.197854627252699089e+00 8.532133655557199159e-01 -1.077546179937900561e+01 -7.645702553431794612e+00
-5.369595392185336991e+00 6.457927523003998971e+00 7.878710647722612093e-01 5.200267332059670622e+00
4.977756470618055040e+00 2.677813436446471407e+00 -9.388065662197822903e+00 -6.569657697169279054e+00
2.923254765832972168e+00 7.665938884621152916e+00 6.174892775966468683e+00 1.119097119378456240e+00
3.310708989581378603e+00 6.921310256157337193e+00 7.994498514715659532e+00 -7.425444499693845124e-01
4.811265506558676464e+00 5.601410105833753761e+00 6.544663951760905540e+00 6.351737219599478124e-01
1.731675371738688129e+00 4.700203071563638701e+00 5.531189775425554345e+00 2.898536057071493310e+00
2.967570669519234094e+00 4.613916020111924254e+00 4.879848189979192341e+00 1.001021299390246533e+00
-6.537671018310206250e+00 4.983447472275328138e+00 -1.140269916830615848e+00 5.418604361817580539e+00
3.792556576228341303e+00 6.355707636705203001e+00 8.757895805458177918e+00 1.123025364112917313e-01
5.394922688002644406e+00 6.131086400211502863e+00 8.111342391157007725e+00 1.996111444162612880e+00
-6.197653023021945984e+00 5.886050588209990941e+00 -6.505448815875853885e-01 4.133086845909873297e+00
-4.873529008138167029e+00 7.005985893720813706e+00 5.765102146358735968e-02 5.130012857308660301e+00
3.946278325835739675e+00 5.604381473024030669e+00 4.145536694828805935e+00 1.310032703039116564e+00
4.205872125577420739e+00 1.493356309946985760e+00 -1.072003319236284291e+01 -7.913919468850961536e+00
-5.257099289962863686e+00 6.088908505208634914e+00 1.730167393263719600e-01 4.707501389429753935e+00
5.157094448574438772e+00 1.750868292944799620e+00 -9.577820629037301359e+00 -5.913205527533076378e+00
4.512632541801085750e+00 7.009730420072175505e+00 5.315137385725931196e+00 1.676674599387886655e+00
-5.413000627394585429e+00 7.326946065105152783e+00 2.595911345994585506e+00 4.530385328696659109e+00
-4.204255991374653334e+00 6.586955750750659533e+00 -7.642030365677525694e-01 3.985936892505245410e+00
3.303358706554910817e+00 6.558424932298321686e+00 6.239044157076671482e+00 5.513104631252625509e-01
-5.201667770076509711e+00 6.819823174038575075e+00 1.726805955999498154e+00 3.809597836818034100e+00
3.336149138780972301e+00 1.978878523183150939e+00 -1.016747033717362392e+01 -6.767661549548571465e+00
-4.746414777075443681e+00 7.743480294806933451e+00 5.480141242161241655e-01 5.272109072216886183e+00
-5.029898818647376757e+00 5.733010423510012110e+00 -1.601380342308379223e+00 4.540642304405953844e+00
5.382390541729490607e+00 1.700468750203508517e+00 -9.010860047221095570e+00 -7.630388068228157294e+00
5.240397732463907943e+00 8.194685647885330271e-01 -1.027717347981229423e+01 -7.218396479473095262e+00
4.448152273166701143e+00 4.477522451108986168e+00 4.162701395882685063e+00 3.356493526959612450e-01
-4.337968798726349995e+00 6.849212517122690969e+00 2.174978712557378735e+00 4.991029494315540660e+00
-5.020367062427738780e+00 6.984644702068926847e+00 1.847736157212406805e-01 4.666507214738750520e+00
-5.056819436568817494e+00 6.347117118458598384e+00 1.620100660331333708e+00 4.295160104742559604e+00
4.669421285191043935e+00 7.182174397629549345e-01 -1.161545589198793138e+01 -7.853904717535584723e+00
1.704985732004985710e+00 5.628577387392926568e+00 7.502894028798037240e+00 7.503994951020975801e-02
5.230097569781754885e+00 2.193662680960084543e+00 -1.135473007514616839e+01 -6.768083183714860951e+00
2.360571557981628210e+00 5.930567682484589653e+00 6.773292280669936716e+00 -5.746267222114398443e-01
2.901108109882211128e+00 7.189455631221361998e+00 6.402244513964500783e+00 1.490621901173512676e+00
6.395937656088622525e+00 1.858735655149554633e+00 -8.251486051765585472e+00 -7.167652486148218038e+00
2.981224898292025305e+00 5.318847663630280387e+00 5.502070748884619888e+00 2.198848178381230811e-01
3.700680346113351060e+00 7.940523060254343513e+00 5.401754156642275539e+00 -2.706413192387424616e-01
2.910484819247915134e+00 6.066035263586705639e+00 5.738956154222688788e+00 1.536627506762672235e-01
4.456900400397375783e+00 1.559004216065522197e+00 -8.751990109117707917e+00 -7.719212129747059947e+00
-4.596547944891733017e+00 8.743521063598038268e+00 6.581713924914460723e-01 4.161393679082764585e+00
-3.226448364247965994e+00 6.399718738480384417e+00 4.341502855584848941e-01 5.467378932820063042e+00
4.144863510899917003e+00 1.139473122192832477e+00 -1.160113238219324927e+01 -8.999583473688673507e+00
-5.238963275535000186e+00 5.931103857226563747e+00 1.723371292623510742e+00 5.236742383674319434e+00
4.852538925349014320e+00 1.519037039004378586e+00 -1.038662835533411588e+01 -7.913642956596905975e+00
-5.107008522412875173e+00 7.249900108726463621e+00 -7.965250094238369716e-01 6.374528215757313099e+00
3.231481102059983179e+00 1.544303499890325337e+00 -9.863483193179746422e+00 -8.006113805436385178e+00
4.925402930176493221e+00 2.218866044654167702e+00 -1.148152287628533941e+01 -6.979046674158382757e+00
4.844864497985127194e+00 4.456257716539310465e+00 6.129470309075313317e+00 1.244192415229310678e+00
3.713806586001814125e+00 6.205788838883540492e+00 7.482916390286285413e+00 4.376740985989890365e-01
2.595861695145202042e+00 6.413931106936405335e+00 7.176389142179353975e+00 5.501944318827074465e-01
3.865109646555700440e+00 6.682650739657533201e+00 5.537399636610365938e+00 2.302713179363869322e+00
3.691284363190559414e+00 6.859685144174788363e+00 4.486215637954011015e+00 -1.528149343747631228e-02
3.032529933796371147e+00 5.108787299333720888e+00 7.444104693510581683e+00 7.646681140114057751e-01
4.145931215510485046e+00 1.215723465758478561e+00 -9.833531129327827358e+00 -6.996121312366521572e+00
4.214279423269148950e+00 9.873787395695108327e-01 -9.776610566912150801e+00 -7.698429567434923015e+00
5.903395705635914759e+00 1.513357494521342383e+00 -1.069763244793955437e+01 -8.117128991015890804e+00
5.748052141500848755e+00 9.792121563353761715e-01 -9.138703550829291089e+00 -6.252318510368024995e+00
5.995617171657015021e+00 1.695048464991359083e+00 -8.797035829582721789e+00 -9.360038317272032060e+00
-4.282508206499763048e+00 7.000705871412374215e+00 1.551853038867511803e+00 4.310017475104607421e+00
-4.540851669133155077e+00 5.533276505703303982e+00 4.307811054715606769e-01 1.917307472050513439e+00
3.486689581138350924e+00 4.839131028616795227e+00 6.084994281610583755e+00 1.455183511544575925e+00
3.534787982776111726e+00 6.421731653001630846e+00 6.592150332184464112e+00 2.004237863570258682e+00
-6.296785928291424028e+00 5.176528839236161694e+00 -1.350328930139196970e+00 5.781383254869048471e+00
4.196299943921058428e+00 1.094624584018595970e+00 -9.487321731164071181e+00 -6.934066002502921044e+00
-5.653100244868634050e+00 6.490368425075341285e+00 7.870871243149846208e-01 4.846888531384590415e+00
5.465330888069984461e+00 1.440817074355872585e+00 -9.758094865938414131e+00 -6.799147921380138904e+00
5.010826927059805591e+00 2.670632042030667730e+00 -9.531289922672005588e+00 -7.788275247681929692e+00
3.215494528226250814e+00 5.556026159924728702e+00 5.666654298774735921e+00 -5.010897679388262027e-01
5.212040423266596001e+00 2.169952033685377479e+00 -8.885322613685662674e+00 -6.144648159518178332e+00
-4.475012464245423871e+00 6.451235448112130122e+00 1.081926895525271437e+00 3.357338415403037679e+00
5.010288765392914456e+00 2.205996083299566646e+00 -9.636676803184679230e+00 -4.545182595013518068e+00
4.668214699891831465e+00 1.095097839385973160e+00 -8.553544703619145650e+00 -7.122528302454974813e+00
2.854169551090166124e+00 5.618922024569470430e+00 4.615104121089023792e+00 1.250614814358301796e-01
-4.398523365680076402e+00 5.134328838023459518e+00 -1.354937172988139871e-01 4.522088186237449570e+00
3.396657636704579986e+00 6.137647353212129175e+00 7.139716836550067391e+00 4.898862551098441265e-01
-3.625266135987383453e+00 5.783750690954180484e+00 9.451106671920800339e-01 2.368937050234510622e+00
6.659304934252041619e+00 5.486457910178685893e+00 5.881945367347065634e+00 9.556515714134271589e-01
4.040731338870550360e+00 1.490761069519477289e+00 -8.549517652667931955e+00 -6.372467556336429695e+00
4.693993152852935502e+00 1.241000006874645178e+00 -9.743310788442792969e+00 -6.642283280192890160e+00
-4.114773998534245081e+00 5.272090987766100412e+00 7.042539288502257522e-01 4.556156685992705846e+00
5.046330549152139078e+00 2.774400036510691780e+00 -1.002642698166117086e+01 -6.754783143653929400e+00
5.317561766071428941e+00 2.595347080773390935e+00 -1.043106002869218685e+01 -8.643807396798827369e+00
-4.973354156791676139e+00 4.289425896970254115e+00 1.008267027017724082e+00 4.715657598894879676e+00
4.252432777191696545e+00 2.263465755992108530e+00 -1.024252990261612339e+01 -7.460986036965712387e+00
4.681837896406128685e+00 1.261928495324039501e+00 -1.059095840262727073e+01 -8.512452603890041658e+00
-4.761819810230258909e+00 6.161470266428429987e+00 1.067577552765174298e+00 3.137784871634861084e+00
-5.248033575067891476e+00 6.981220490700644987e+00 9.201972604589319094e-01 4.698902906235995935e+00
3.030716279300665672e+00 6.089171692070205921e+00 4.791064469058005315e+00 -1.792192540543645629e-01
-4.799250247883361631e+00 6.837017735290517706e+00 1.684928114018305889e-01 4.033125736819924256e+00
-6.209916500598843037e+00 5.359611460610596012e+00 1.831491381124175977e+00 4.062168973222273216e+00
-4.764112240931617670e+00 4.474626839435180692e+00 7.513267888255145133e-01 5.401729808254584597e+00
-3.934204705360077714e+00 4.900649670522820855e+00 -9.714327015340160631e-01 3.804119528085494029e+00
-6.224690928759272879e+00 6.532092593971200678e+00 1.261158614954811519e+00 4.896681502037282030e+00
1.580820344315186032e+00 4.711822469117102230e+00 7.031254175874976475e+00 -2.701657533116923471e-01
4.829404406086823087e+00 -4.934146981594231818e-01 -1.039082690485672700e+01 -8.388225574676404506e+00
3.140741313767454912e+00 6.295940881770370368e+00 5.104828681572527671e+00 2.321319783666818015e+00
4.305661959688387164e+00 5.554106091254273458e+00 6.054267765486100572e+00 9.409679788862530536e-01
-4.709950838378286875e+00 5.904019892088611776e+00 1.965055562102822506e+00 4.323361274910776153e+00
3.764624492171750436e+00 6.173764265978030075e+00 7.161124610947513069e+00 1.511852141242352232e+00
2.669408266672127716e+00 5.199532930789906082e+00 5.150721005019011756e+00 1.128579128080534177e+00
-5.937400903938977237e+00 5.689156403331603329e+00 3.323039217054274408e-01 3.177248080600871383e+00
6.489044774661444137e+00 2.034804548600379626e+00 -9.863792009124365379e+00 -6.683684047254464744e+00
3.556014613558491355e+00 4.236080395008758437e+00 6.967254846255880096e+00 -8.731037960107665974e-01
3.534439363855220506e+00 5.899258865051601575e+00 5.178168765223512438e+00 1.522402288747240817e+00
-4.900118272024246657e+00 7.988892986778317606e+00 2.660267897737507159e+00 3.658457547447283353e+00
4.372593403557203828e+00 2.276285339129279883e+00 -9.985794052078912131e+00 -5.693155370044433283e+00
4.499398191623984467e+00 6.492566058510027105e+00 5.416427355987811332e+00 5.465512037510419363e-01
-3.635316504892228018e+00 6.590322261965166462e+00 1.460784762452674634e+00 3.526870921021916239e+00
-6.108459124754203273e+00 7.581328335364116100e+00 2.387156515728976469e-01 4.287716682060234596e+00
-4.675274250882138993e+00 7.514175149758406391e+00 2.845158795571063770e+00 2.116374945756366976e+00
6.929613201963132241e+00 4.091650369209796079e-01 -8.370406760324069495e+00 -6.301837902094490573e+00
-5.458041425313512107e+00 6.415764855032224823e+00 2.047859595365818741e+00 4.592306277821225358e+00
6.381295310676541988e+00 6.250757611574919714e+00 5.521274912724032369e+00 1.323551788844974819e+00
3.453089508282007891e+00 5.730763651499600542e+00 5.954110073154406990e+00 1.985171406420346285e+00
-4.693433783000307002e+00 6.216315935861408626e+00 1.838282974247081425e+00 3.825351308943436113e+00
5.264721970427668651e+00 2.190148988900259219e+00 -1.201417580049185574e+01 -5.844836896883977673e+00
-5.731597556652587855e+00 4.897610138527602963e+00 1.630197473074383341e+00 3.401851501502977548e+00
-7.177396164083889474e+00 7.177565504822927878e+00 -5.837412401782173799e-01 5.030818178550509501e+00
4.105678522716670109e+00 1.589620837241402462e+00 -9.196346788961520247e+00 -8.135176529632154541e+00
4.746479372289896581e+00 2.405806740495666229e-01 -8.492416063913998059e+00 -6.525663925043365232e+00
-5.596649970868940116e+00 7.980395625642733748e+00 5.268820300261752854e-01 4.783761738213357262e+00
4.026047278798082552e+00 1.851179933855597426e+00 -9.173707395607376469e+00 -6.750772315674596236e+00
-5.649811872538385238e+00 7.053142125057734191e+00 1.502322096559058906e-01 6.076110849378834722e+00
3.217122186523891259e+00 4.947572089548819108e+00 7.592070258659983750e+00 -3.038448265977045093e-01
-4.772803203559917939e+00 5.572097225354529115e+00 9.914504355898949850e-01 3.786188234928254293e+00
3.831302371281398944e+00 5.868111437038005640e+00 4.706744388398241163e+00 8.112590813181969063e-01
3.889219007993164112e+00 2.003789160065324815e+00 -1.017113999491879284e+01 -6.158131368144210249e+00
1.594145001594817312e+00 5.625490846241858023e+00 8.622840759412003564e+00 1.410135733283733206e+00
5.241630182750782296e+00 2.361677178407856736e+00 -1.222475557569375226e+01 -6.554154087894793257e+00
5.952492482128182161e+00 1.159352798408446183e+00 -9.197300208862399629e+00 -7.287369680803719163e+00
4.407236299103544752e+00 9.428520795743088323e-01 -9.943635700085355467e+00 -5.883568790908506152e+00
-4.564808474723065501e+00 6.371480761902556189e+00 2.812461954448617796e+00 4.669623490203441030e+00
