-4.700337780147044953e+00 -3.747514507426859431e+00 -2.578170192371836311e+00 -8.169015258852383443e-01 7.174537525752961997e+00 8.568582725947896606e+00
-5.296144976132664439e+00 -2.883025025223954430e+00 -3.420971132397541137e-01 -3.957879319804134433e+00 8.169504160727733222e+00 7.686038526586298936e+00
-6.489496845919154211e+00 -6.634671231770994382e-02 -2.515722992179971751e+00 -2.652288722664656540e+00 6.919619220238653057e+00 7.215243752529059584e+00
-9.356744087820951350e+00 8.962745141076247535e+00 -5.811996662922579659e+00 3.305431257069584738e+00 1.414659543964232213e+00 -3.925073247849681479e+00
-6.670094752408748384e+00 -1.330888375146233482e+00 -1.936898083648295188e-01 -1.113498287426754940e+00 6.509585970047303327e+00 7.271089229294508627e+00
-8.614102467136689256e+00 7.843204910566686117e+00 -5.209257457757600740e+00 4.825489320340182076e+00 2.020077156950257802e+00 -5.316478085987937696e+00
-4.453600627922268629e+00 -2.052761028929706910e+00 -8.515402760431521889e-01 -3.733702518762060940e-01 6.647293180620778230e+00 9.100071338129911425e+00
-1.000106506523275307e+01 7.858142244104847407e+00 -6.636883596247324490e+00 2.562313402852202326e+00 6.271056476550640468e-02 -4.887791196246266345e+00
-7.203605090520564858e+00 8.113454953596402675e+00 -5.681497995720084404e+00 3.920196538526208307e+00 2.167332699219393533e+00 -4.701269461428092988e+00
-6.567884531914699231e+00 -1.541505016891957736e+00 -8.874201983557727935e-02 -4.289390266968224452e+00 7.494264957820178097e+00 7.262853783673030250e+00
-7.722431576743653991e+00 8.180930687643170884e+00 -5.786661680257147111e+00 5.162274876689251002e+00 8.533128483179366341e-01 -6.490038043209609420e+00
-4.375147217572258107e+00 -4.527992236707520934e-01 -2.474206523960335247e+00 -1.497728870489788644e+00 7.273508443345320096e+00 7.766265006275599347e+00
-8.439678513588692255e+00 8.373171217754869389e+00 -5.541869768343921088e+00 3.131684811390577750e+00 2.566686691526512742e+00 -3.113747870333452461e+00
-8.846454220770530341e+00 8.612989226418461541e+00 -6.712226828621021824e+00 4.218868511432009250e+00 3.324402030230696692e+00 -4.982370654454557624e+00
-9.824046246755390399e+00 7.158768501216985491e+00 -6.358207086896377369e+00 3.264381695198751210e+00 1.250829497355448350e+00 -6.199267351830100026e+00
-9.231355619545661639e+00 8.783101707616935983e+00 -5.275365657481826176e+00 3.364318913450411674e+00 2.949331849281614737e+00 -5.236920360900683136e+00
-6.471157830438597713e+00 -2.825145450383237389e+00 -2.396099857055302706e+00 -1.917900125879031803e+00 7.269749451776529092e+00 8.777983321769367464e+00
-7.344366860966490052e+00 -2.078796150337731241e+00 -1.149158012049616762e+00 -3.667289034458153907e+00 7.906470681552406177e+00 9.280249438652685257e+00
-8.526876726503624937e+00 7.469285381947388558e+00 -5.169145557844189831e+00 5.349486891181654435e+00 2.718418842278783387e+00 -6.005662702814961840e+00
-9.924048728848815060e+00 7.709868241332349825e+00 -4.929140170309780800e+00 4.553651535605343526e+00 5.800511984811485000e-01 -5.456475373278202312e+00
-6.447856885066966193e+00 -4.204473479714550876e+00 -2.333143714668123536e+00 -3.184495635787398804e-01 5.909554737159075088e+00 8.765886051572394422e+00
-6.243545053849383741e+00 7.384894615014944819e+00 -6.215316155920064034e+00 4.689500440578791007e+00 3.079564165282296706e+00 -5.470477171126983507e+00
-8.416655790183030561e+00 6.055100478323710789e+00 -5.118896067168214437e+00 5.045003209741318884e+00 2.931613687694653247e+00 -5.479423295627991131e+00
-9.399337648393684574e+00 8.249656021341756684e+00 -5.974439442385967247e+00 2.689619616666622193e+00 1.342354961753750242e+00 -5.600281083855026765e+00
-5.747385606661615576e+00 -1.860256759335738419e+00 -9.786843838868706236e-01 -1.194894962231523250e+00 8.866330992873811212e+00 8.256787172236625949e+00
-5.187504623386113067e+00 -2.515422308434360321e+00 -2.146249183286976780e+00 -4.636770697124652507e-01 7.851399430821305536e+00 8.154229066895135603e+00
-1.016778085996524617e+01 7.570725255104012064e+00 -5.386993995097553167e+00 3.613675982255059704e+00 2.420665699810802707e+00 -5.203682118961794778e+00
-6.001100210696972859e+00 -1.749586352633517361e+00 -2.436474935840128531e+00 -2.004375092798961866e+00 6.498246158915974569e+00 8.049778912523903429e+00
-5.030076324042225266e+00 -1.548005995001744184e+00 -2.228954194076349982e+00 -2.252917751758924947e+00 7.020748791506677300e+00 7.371051708303940408e+00
-6.501550894341108666e+00 -1.571181116444720915e+00 -1.106929104571888978e+00 -2.739564524345254881e+00 6.871533613177517985e+00 9.104265690166151614e+00
-5.606092268325823191e+00 -3.029979622210899670e+00 -2.080749562358346516e+00 -3.266111696919304919e-01 7.144230623198865260e+00 6.836083587475323853e+00
-8.926159473465446581e+00 6.450511500854250180e+00 -5.943636129194701745e+00 5.356748442247734054e+00 1.279255865607856979e+00 -6.876058019745049599e+00
-1.007742010941118771e+01 9.405755628683451164e+00 -6.782801442648550783e+00 4.496311965914809861e+00 1.520949929456022476e+00 -5.775294739652541587e+00
-7.717156079750559172e+00 -5.149069816574374236e-01 -3.132511585157298217e+00 -2.207598900538312314e+00 7.905245404019279221e+00 7.026506752747074813e+00
-6.852796551569333872e+00 -2.665221898719638105e+00 -1.611481236289388441e+00 -2.503475793128710158e+00 7.685119658862825887e+00 8.423531897938062230e+00
-6.581129033392141281e+00 -1.089717959959745741e+00 -5.779747801478956060e-01 -2.083737288158730827e+00 7.904300325770578617e+00 8.636017322654033990e+00
-5.349998368216637878e+00 -3.265968573021633681e+00 -3.170901846650813205e+00 -3.444275912665106798e+00 6.914076454048846188e+00 7.297374735764528886e+00
-6.061700582331455145e+00 -1.960088647454283128e+00 -2.268743028407008921e+00 -8.019302426130270334e-02 6.165525919267292210e+00 7.374571656633676753e+00
-6.456166233817383748e+00 -5.813695838982513298e-01 -2.512835081890023581e+00 -2.176488221438719339e+00 6.932488100106173334e+00 8.683224620456005738e+00
-9.893002409178786039e+00 9.797752627979829043e+00 -4.043553286762416654e+00 5.354843839727698729e+00 2.397338577891495959e+00 -4.908071422992970945e+00
-8.388914237128021867e+00 8.512853818955299801e+00 -4.956495728025968717e+00 5.250206093544617758e+00 2.668890256447229437e+00 -5.684039651118508729e+00
-4.348901760309897391e+00 -1.904462438366047561e+00 -1.116806998497371417e+00 5.918359611135115550e-01 7.033290037630337110e+00 7.103971041254744101e+00
-9.534723172388755330e+00 7.645071314274977325e+00 -7.745917031775728212e+00 4.707831068832734722e+00 5.874844222587563003e-01 -5.564331761641207130e+00
-9.129776770588719614e+00 7.947463625181224067e+00 -5.314402014897247284e+00 4.179398455371433840e+00 3.090438374337731720e-01 -4.102692769520228211e+00
-7.006409692209134121e+00 -2.263733862727110857e+00 -1.100969097188764234e+00 -7.823454384985777388e-01 7.259400314482676642e+00 6.273574434087564100e+00
-5.602807346881175654e+00 -1.979492452057892482e+00 -2.733294125534840191e+00 -2.964552065548009541e+00 8.206545377132130170e+00 7.479943305709262802e+00
-1.194975652352589535e+01 7.167872255662915748e+00 -4.443806358845291626e+00 4.890828290639149145e+00 2.755232648308505006e+00 -5.471189661261364634e+00
-6.980856061180596761e+00 -2.446544156740908527e-01 -2.724884137350801261e+00 -2.353836674882354263e+00 7.038358996552209312e+00 7.233712062296941525e+00
-1.165130851750466334e+01 7.174426915897484491e+00 -6.599708318007611929e+00 4.279815534787547726e+00 7.421901950277467463e-01 -5.459430022802014726e+00
-5.989410405657015879e+00 -1.307692829831228920e+00 -5.121159700588739927e-01 -2.077148645490394241e+00 6.378926483963134331e+00 9.211592249581208591e+00
-9.008194249194579228e+00 6.850889618141481563e+00 -6.743722949093373664e+00 4.366474005681430626e+00 2.520223677279649355e+00 -4.923423488615908283e+00
-6.420865850610560699e+00 -8.238266374690926819e-01 -4.903401229163191211e-01 -3.494636476689075621e+00 6.598184733390358048e+00 6.699179330737800697e+00
-5.436318687607792022e+00 -1.354904582304634619e+00 3.058069921166346461e-01 -2.939856073268245940e+00 4.547271232751465497e+00 8.197776351538832884e+00
-6.497950770407067367e+00 -4.395597421933576943e-01 -1.848425388606397490e+00 -3.699165680575759119e+00 7.023514456896544189e+00 6.565602419908114662e+00
-4.682462242275515329e+00 -1.628932822998618413e+00 -1.683415012383493226e+00 -8.584021188043555739e-01 7.093596344678791965e+00 7.055763371192524502e+00
-8.212176647858989043e+00 6.789419000455016118e+00 -6.652424179864802056e+00 3.966018930881094917e+00 1.783618415525808576e+00 -6.999880231709875389e+00
-9.060778226533640733e+00 7.256965119439362510e+00 -5.172911499955041847e+00 2.902664016792357859e+00 1.773726013568760695e+00 -5.623953282919039509e+00
-4.896406941953212133e+00 -2.699650541296521489e+00 -2.310331095388058920e+00 -1.382826027726233864e+00 7.097323109200942781e+00 6.140058722853978246e+00
-7.181004691552630881e+00 9.268229622491755748e+00 -4.733785785064311469e+00 4.993903886057641017e+00 2.008646704703321184e+00 -5.633943938207029767e+00
-6.051398368700643182e+00 -2.557206066793065169e+00 -7.826630744010371066e-01 -1.704384785643182632e+00 8.249210836857896467e+00 6.387091375174270169e+00
-6.464157169735336161e+00 -2.676840203218521452e+00 -1.387627766031048537e+00 -4.089963837514805967e+00 8.008688903895812672e+00 7.779056405338626412e+00
-9.421843520380646098e+00 7.913147663676568300e+00 -4.390527185897239448e+00 4.136848523903349673e+00 1.068821890478591996e+00 -5.581346486913608018e+00
-8.693071877687099658e+00 7.678970079672606808e+00 -5.868965716191606674e+00 3.961477353816420077e+00 1.593710991886295059e+00 -3.781899884423091773e+00
-9.822258638028998234e+00 7.675614586534529771e+00 -3.307694240248513662e+00 2.302666449744622756e+00 1.775605911652683222e+00 -7.276123780907310490e+00
-1.018996173719693488e+01 9.558695260142416217e+00 -6.397705353925664085e+00 4.502904879910212266e+00 2.953500726330880788e+00 -5.145247577532662042e+00
-8.392669615265500482e+00 7.502542662328253620e+00 -6.526967396558275070e+00 5.505189096189364584e+00 2.615380497459680598e-01 -4.066537285660288603e+00
-6.784471229919167179e+00 -1.531263976529789073e+00 -1.225677049358428139e+00 -3.851093547473813494e+00 8.377391832930326743e+00 9.864564986211995290e+00
-9.597485697819536199e+00 8.042258395585781372e+00 -5.605365267497591120e+00 4.147833582437701061e+00 1.700346672450755214e+00 -5.504442010265833574e+00
-5.398169834887258212e+00 -2.332322021230085696e+00 -2.263588924484891685e+00 -1.482768019898734524e+00 8.710248632679682856e+00 8.295584261938461879e+00
-5.232645952905852660e+00 -3.583027441922236545e+00 -1.863715277276845939e+00 -2.723748860997329935e+00 8.045720359160597468e+00 4.688773251866503955e+00
-8.443999110117900386e+00 5.987628760518035165e+00 -5.986762680812229398e+00 3.921322072938509429e+00 3.046048138529340754e+00 -6.461018389487049873e+00
-5.121906854335744441e+00 -4.654757377372262805e-01 -1.410114929711310916e+00 -3.730770984863241324e+00 7.686701430187667050e+00 5.527932910326091687e+00
-5.890164106989999482e+00 -2.544394525991983347e+00 -2.384572553433719211e-01 -1.833439551994111349e+00 7.744768680886505940e+00 7.639594146666860652e+00
-4.192837576126668075e+00 -4.528193501565820345e-01 -2.827777057913086534e+00 -8.023020451892901583e-01 6.968617838836093981e+00 7.370642090791881706e+00
-9.645665181148292078e+00 5.658188884787710649e+00 -4.740639840293657592e+00 2.951783975106147651e+00 3.527651668704878674e-02 -5.947960784878223883e+00
-9.130299807265085832e+00 1.018124362589231602e+01 -6.031201714654196522e+00 5.908907164869555473e+00 8.189738840032017020e-01 -6.001820995573893924e+00
-8.585443823623622350e+00 7.269573976765607348e+00 -6.372801300740352559e+00 3.426478870729251724e+00 1.359403680612378373e+00 -3.795210605090571399e+00
-8.713869651979585740e+00 6.783933041409056841e+00 -5.996113153663196194e+00 4.075177793581060470e+00 2.073137754469846605e+00 -6.129329482523125705e+00
-1.011361196078315317e+01 9.865728747702323886e+00 -7.389854634220550444e+00 3.668105283448209519e+00 3.215656257341914515e-01 -5.604574791259778088e+00
-9.288435210662697727e+00 8.328889570869426606e+00 -5.838149409324966399e+00 4.166876608410103877e+00 3.079935796793105141e+00 -5.754686274114483524e+00
-7.285917111074914132e+00 -8.975803274957774303e-01 -1.064028018955442967e+00 -1.870899999076153453e+00 6.471609441192949674e+00 6.666289841389240856e+00
-7.554933245972879519e+00 -2.764700618132035714e+00 -2.156675440220361839e+00 -1.911743445713140810e+00 8.393849473195761135e+00 6.462843692364170778e+00
-8.764806188453423630e+00 7.954647984782890369e+00 -3.739173276176393834e+00 5.361054325482693450e+00 1.776310831188459005e+00 -5.259079137876793375e+00
-5.392015031912793965e+00 -2.348716480727684797e+00 -2.321842763698382495e+00 -4.967034683437798748e+00 6.203281442391563871e+00 9.100817491392147573e+00
-5.368621265383803021e+00 -1.652877133102728768e+00 -2.459952049187024148e+00 -2.163714158592882519e+00 8.982641619181070070e+00 6.417855334779940080e+00
-1.053355568588274416e+01 9.138605476073177414e+00 -5.027673702178566906e+00 5.333781411042815890e+00 2.986473715301120269e+00 -4.556586457448045024e+00
-9.453404736697269328e+00 6.690539816372124804e+00 -5.797879714918550142e+00 4.351037574314021938e+00 1.746822922341499718e+00 -4.294145792570656539e+00
-7.240154161838381341e+00 6.694368178367632538e+00 -4.638129410253381657e+00 3.540814702903397393e+00 2.534777599105972890e+00 -3.649127644938407578e+00
-8.860074453555339957e+00 7.035209464033245652e+00 -6.789099958383581601e+00 4.367757918431479425e+00 1.499763527340087776e+00 -4.153733307535467212e+00
-6.465878901417951852e+00 -1.519006004820594447e+00 -2.689696936596876586e+00 -1.627281647737341075e+00 7.469075053397356889e+00 9.000465682161982173e+00
-1.051764537004871869e+01 6.918711953772525014e+00 -2.769926013949865595e+00 4.556977270602229346e+00 3.098753043599923984e+00 -5.504006570714962798e+00
-9.173713329324908017e+00 8.599045742078910592e+00 -4.901492658929464952e+00 3.885620098539305900e+00 2.816275605539507509e+00 -5.049280042622692477e+00
-4.923053506097264886e+00 -2.971978513056956039e+00 -1.834159382618350209e+00 -1.349843585554191261e+00 8.148335946452929690e+00 6.631876338021232442e+00
-9.957894043549748275e+00 8.370230894683350797e+00 -6.771987030025679921e+00 4.708519527184074072e+00 1.194295172295400498e+00 -5.123584578727026440e+00
-7.849931342448018157e+00 8.494533042768626530e+00 -5.929681284544250808e+00 3.702521440582006385e+00 1.195891179695261375e+00 -5.230293787038901243e+00
-7.129755778095073104e+00 -1.830855321303147099e+00 -5.251189532033417873e-01 -1.659594795417737689e+00 5.967570668558741076e+00 7.595083718965716102e+00
-7.334088609200824393e+00 -2.603986371594147364e+00 -1.493840656997348360e+00 -3.224938719594724112e+00 8.984998327625461911e+00 7.362859615294487625e+00
-9.341357244623491596e+00 9.141062289876465741e+00 -5.252879610575276637e+00 3.595023013902552300e+00 2.647667743328506518e+00 -5.720261211472237761e+00
-7.624153020172528272e+00 -2.594194674556437707e+00 -8.593383998254718881e-01 -1.610927072118129910e+00 8.291636850338271358e+00 7.089287746358904130e+00
-6.219077955685398784e+00 -2.193706971155717333e+00 -1.159196957501715364e+00 -3.912390154876485227e+00 8.164648061951588431e+00 7.489107213385499229e+00
