-5.880749918578997537e+00 8.538333110264581194e+00 6.946863711661441343e+00 -2.673147085010833646e+00 2.114675959787594373e+00 4.546462529164784883e+00
-3.530740082556715009e+00 5.200895339097196590e+00 8.475244420313355675e+00 -5.612828064059391053e+00 1.291661102358460322e+00 5.387873750721533739e+00
5.997674912748316878e+00 -1.019957980033329825e+01 -5.649612528608624729e+00 -2.327561764821387769e+00 5.169550933600839393e+00 7.444529734149869959e+00
-3.902816929918431210e+00 6.643702735044646701e+00 7.436456287583492752e+00 -1.474374709338073686e+00 2.025956647501859553e+00 6.863753237348706904e+00
-6.249082487516301576e+00 2.792321787647528364e+00 8.184262300151376124e+00 -1.756016633192158949e-02 4.429284215407478520e+00 3.608002614128515084e+00
-6.483795742991360633e+00 -9.813125746789852499e-01 8.562472981949609263e+00 -7.611927889043825779e+00 1.271530505272645328e+00 6.972356156833989793e+00
-6.405884220571963716e+00 3.203808162194457854e+00 1.012117291765786042e+01 -4.121215486231098346e+00 7.217061238097064901e+00 5.063273249422094224e+00
-4.280292972639600180e+00 9.969067899152761481e-01 9.678444121106849707e+00 -1.344195329198336175e+00 -1.149097927808393038e+00 2.696585129438525907e+00
8.661841361693353392e+00 -6.811352890758706202e+00 -6.151498836657007807e+00 -2.875116933950408349e+00 5.295080645452195256e+00 1.077181260633572002e+01
8.305371996047924199e+00 -4.969710964479395976e+00 -6.252623321053871308e+00 2.643753326075750643e-01 3.933734344062901123e+00 1.167518061729291645e+01
6.196353138663118543e+00 -6.728590565343548491e+00 -8.089194055082508328e+00 -2.586072593943896880e+00 3.921176849370493489e-01 1.000160947270635958e+01
-8.130475876619552622e+00 2.010959014733455064e+00 1.135287481799842801e+01 -3.732185389586998081e+00 2.756627978111975352e+00 6.180157719637660918e+00
-8.180215747947194416e+00 7.186924222167188070e-01 7.625511735171668803e+00 -5.219914206276043522e+00 7.596580749315418046e+00 4.789191752532355295e+00
-4.306137037591519778e+00 3.878578780606210863e+00 8.715544693731022363e+00 -7.232061707620601965e+00 3.529007114578186499e+00 5.879936406693699880e+00
-5.708470495202957018e+00 1.148576971159849469e+00 8.340257023258702773e+00 -8.820435785200966272e-01 1.364796246114387213e+00 5.266730761855294318e+00
9.070795219965981815e+00 -4.365709645581178577e+00 -1.178488739135847041e+01 -1.760662499901105127e+00 3.810475347745044594e+00 9.084084278433627091e+00
6.565024257761675308e+00 -7.143059140222227654e+00 -8.007579117914751521e+00 -5.201714457991059026e-01 3.439137839541460906e+00 4.239710138698826292e+00
-1.006943987744246272e+01 9.351119277269583918e-01 7.507182567594796296e+00 -3.452945962641910782e+00 6.302087741623273232e+00 5.228339462584020048e+00
6.135253608511180623e+00 -6.173544973865175756e+00 -5.231365743938040325e+00 -5.214395480081822631e-01 1.402590165766950392e-01 7.236096685378422322e+00
1.074870664390036623e+01 -8.615998733661118791e+00 -5.049726242828896261e+00 -2.349766647532477659e+00 3.126133398098890126e+00 1.163530426906682180e+01
6.545662266830466258e+00 -8.452275534092022369e+00 -1.001293729231646346e+01 -3.441753819577151319e+00 3.497904917470510799e+00 6.953384933850559335e+00
8.690767603767779903e+00 -4.646285248007425039e+00 -9.615648509922804621e+00 -1.945819360293657319e+00 1.269874935450632236e-02 4.912499373775379929e+00
7.696089925211253124e+00 -5.767998141515718658e+00 -1.076376565732518031e+01 -3.189735207647819593e+00 -1.724492099971519643e-01 1.154296636410944288e+01
6.794268975216411377e+00 -4.460057892974566229e+00 -8.382449419614387054e+00 7.809804363066585875e-01 4.752775644544071199e+00 9.065496045610466069e+00
-4.914715691113670459e+00 4.596565517621252539e+00 8.347103325184049183e+00 -3.357280366515616343e+00 5.606823440400815706e+00 4.222604092921391050e+00
-5.860043149839515131e+00 3.264650670872565108e+00 7.939147392954748028e+00 -9.765443777107648771e+00 5.878099688873115625e+00 5.149048385844084308e+00
5.995729847686680714e+00 -4.989763890792728418e+00 -7.146463879013658982e+00 2.322529500341989905e-01 8.422861672499104557e-01 9.609608606697278788e+00
-2.441320601425967407e+00 4.321151246242258992e+00 9.448195761573199292e+00 -9.663644328096307135e+00 3.794870060028460834e+00 5.702535372478360287e+00
-1.149380362496316899e+01 3.419824436659476774e+00 8.423397595759681167e+00 -1.939511622429191950e+00 2.664722588843753570e+00 3.983025880060737656e+00
-8.915764374635823941e+00 4.867308820598455377e+00 6.846979692881092205e+00 -3.821882987859118064e+00 6.330096604098394586e+00 6.460198314418718724e+00
-7.781303565995091986e+00 2.960759325087799265e+00 1.028126852225246957e+01 -3.078613903283196507e+00 7.877001584290050928e+00 2.178264519701379243e+00
7.727684417410048745e+00 -6.540960658513581549e+00 -1.158818796344142044e+01 -4.394725246665755591e+00 3.425392369412185722e+00 9.894469060399371685e+00
1.171645294243450941e+01 -9.173084481580849214e+00 -6.880011095923975972e+00 1.325968795985166926e+00 -9.895814302615248970e-01 8.145433854105927907e+00
6.153146163301288496e+00 -6.499485507745667690e+00 -6.594600832249884803e+00 -3.755917989637496679e-01 2.090422138031599708e+00 1.331500774704677426e+01
-4.612721376927358286e+00 1.658146512679267826e+00 6.118547763870651579e+00 -4.665387492995258789e+00 6.995141215542460600e+00 4.560342712443398838e+00
2.244079315502155225e+00 -1.057594624891618551e+01 -6.615169173648562939e+00 5.785925152004485206e-01 8.022757327308704944e-01 8.822855059353003071e+00
5.369445243983554050e+00 -4.657487314651346466e+00 -9.542368712525012953e+00 9.419226983994816171e-02 4.345955147716344058e+00 9.490412100176246923e+00
1.073448152403872413e+01 -3.501610754981771656e+00 -1.067858672094227401e+01 -1.576695040079276300e+00 2.217723214984204105e+00 9.367910778546672645e+00
8.009463036850412720e+00 -4.044732252084559221e+00 -6.451564795104689942e+00 -1.334783065148106074e+00 3.586811254768823787e+00 7.224367894605842721e+00
9.377306227534454308e+00 -4.728495008905920116e+00 -7.741092731445532671e+00 7.933875125241252046e-01 2.674611592213345101e+00 8.523589481629695541e+00
8.089167268436748159e+00 -5.637981550617354287e+00 -7.690955549454746354e+00 -7.644963746593802512e-01 -1.646091000459735998e+00 8.582820138651191755e+00
-3.778651891982243161e+00 4.980664035987056870e+00 9.035086190177992194e+00 -3.622481648188349723e+00 3.904385371230886914e+00 3.737028475963270147e+00
-4.129440480167484218e+00 8.121036351434483436e+00 6.845152150212965303e+00 -5.583362289847382698e+00 8.628836177612342340e+00 5.015982816223246488e+00
7.575400094418085928e+00 -6.821391389472154287e+00 -1.171975512130821429e+01 -1.076750489011404799e+00 1.333595633655134671e+00 6.216194968352804828e+00
-3.206231281557781365e+00 1.887992633590618530e+00 7.933011505747255221e+00 -1.810742674475292358e+00 5.058289555011596050e+00 3.253478766772198050e+00
-6.384499570547439440e+00 9.982125539290973570e-01 6.813954304014763430e+00 -5.370475694216243490e+00 1.416542182990295107e+00 5.516325623765468755e+00
-6.066154028987667424e+00 8.418814202565729765e-01 6.544117094799559275e+00 -4.773273231517578985e+00 3.324893135812767575e+00 2.710912609895903991e+00
-5.584542212789379789e+00 2.255257034962102836e+00 8.599935556116717450e+00 -4.144457225461411376e+00 3.929915225429849723e+00 5.951884257991406635e+00
5.737096214437660713e+00 -7.883767954272853373e+00 -7.639067650338279059e+00 1.471793120153908507e+00 3.976769909449721752e+00 9.633910421360740273e+00
-2.845305770226929098e+00 2.054116911973542070e+00 7.087794058914170137e+00 2.437791923743488631e-01 6.517852655186691990e+00 1.183682004445058222e+00
6.347642634326192912e+00 -7.398216914750687323e+00 -4.600123974643561375e+00 4.672348478911264591e-01 5.786185190349200091e+00 1.355678694319447253e+01
-6.486266196324704580e+00 5.470222341781306952e+00 8.848728401191664261e+00 -8.717987727484647564e+00 4.115098373450624791e+00 5.434572199989280428e+00
5.674920775271411699e+00 -4.064194507830400482e+00 -1.052662005509054488e+01 -9.759438880370722158e-01 -2.463428719040320125e+00 5.654479424763912299e+00
4.889530679979889882e+00 -8.895630319317808343e+00 -1.145083238263259950e+01 -3.827784766742166056e+00 -3.123483889894810517e+00 9.889887140566848700e+00
7.132951122630759144e+00 -3.977102736290822449e+00 -8.112815258139663754e+00 8.774644253713581588e-01 -1.592466507589709312e+00 1.056315428347640406e+01
-2.250170318269714365e+00 2.127500386719526126e+00 8.290360375118369873e+00 -2.498367642659196086e+00 5.756699896029316754e+00 4.951105631515106964e+00
-4.870630125274950650e+00 4.174628084280949558e+00 1.149795232794169308e+01 -1.205264442101488420e+00 7.598083352685357283e+00 1.458025535769320591e+00
-3.727640404575656596e+00 1.330274479636101903e+00 9.552097792609679061e+00 -3.246737585374688262e+00 5.237363825370453974e+00 4.391820398275766202e+00
-9.453802668801770892e+00 1.675416266387326880e+00 5.880960380225848105e+00 -6.007471136435288628e+00 3.205952968728271291e+00 5.328661715157005929e+00
-1.848820391540940022e+00 -7.892452082969718674e-01 8.919131509483413822e+00 -5.088799552477332178e+00 2.984206117063094688e+00 6.126977738861267397e+00
-8.173568526658247180e+00 3.487937434395767422e+00 5.727016060048537582e+00 -2.955778601530021810e+00 7.369839748112037014e+00 6.496927268138904310e+00
7.644737664342004635e+00 -4.203239122906866854e+00 -7.319381996384693778e+00 -7.038159002419814847e-01 1.746707266938968939e+00 1.098745590660647053e+01
-9.324279826688631090e+00 3.448105324624624046e+00 9.300656050661148200e+00 -5.799940215518108566e+00 6.431156180975514225e+00 1.904718767596784712e+00
8.129562666156916251e+00 -5.997394698836717275e+00 -5.750569416237876652e+00 -1.037657676281876773e+00 2.008539971798176449e+00 1.020288687731274457e+01
-8.221520029721579803e+00 -2.496933336351027322e+00 9.888424952518205302e+00 -3.194784530751122897e+00 5.938815480168297967e+00 5.108369032297544798e+00
-3.207152474059932423e+00 7.864867498320844419e-01 1.064984395332279021e+01 -3.027356771099864563e+00 6.112531000526773006e+00 2.517899221240686103e+00
5.852550859369283209e+00 -6.441533481075813583e+00 -7.556067584752999444e+00 -8.635008723399499875e-01 4.321394907685236930e+00 7.252227634178236571e+00
8.491479646175907448e+00 -6.973418421878518458e+00 -7.078071789822557136e+00 1.252156284628489491e-01 1.095297252072607641e+00 7.252983630375764434e+00
6.679642059605693127e+00 -6.787833468851827590e+00 -1.068954205890454467e+01 -1.604296143180892864e+00 1.089714436124132435e+00 6.065562913375931231e+00
-5.106741386881052058e+00 4.868447114216536420e+00 1.084942537816761465e+01 -1.841595907502122875e+00 3.575640128307887355e+00 3.130574920417987794e+00
-6.291427595068853407e+00 6.427230689716480150e+00 7.453535586290831461e+00 -3.371734893292942292e+00 2.637966371635493523e+00 1.683403665819284356e+00
-5.911450355996445971e+00 5.326344874289413056e+00 5.334996765046195577e+00 -4.926750223219749536e+00 3.528410803988607292e+00 5.377075661257064709e+00
7.122861820122243337e+00 -5.968790539929660355e+00 -9.101659178520343119e+00 2.968488009207650435e-01 -2.747626326859609058e-01 8.612855377596011053e+00
7.370336579077914507e+00 -2.957834807559578838e+00 -5.807740503721609215e+00 -2.239538007657208230e+00 1.729394731937230034e+00 6.581430558177343570e+00
-3.737943992546191474e+00 2.074284629389124390e+00 1.146540558714766433e+01 -4.098212346129342265e+00 -8.722211337833405409e-01 2.394858015541596608e+00
8.091215230607259556e+00 -7.370893612540973194e+00 -8.064560263775780058e+00 -2.442921074245000490e+00 -9.313365167620579754e-01 6.244606879453410642e+00
7.078228516988668062e+00 -9.146348778212995967e+00 -7.580828578043909083e+00 2.955635338672968349e-01 2.885062660472381246e+00 6.886580535043339779e+00
-5.277804091745005088e+00 4.097655805500348691e-01 1.199339493259950018e+01 -2.623335152784889601e+00 4.173893339737996477e+00 3.122999552518357813e+00
3.099198391551110099e+00 -7.137724186735601606e+00 -2.813070626502331528e+00 -4.848471736589325509e+00 1.259236711854525126e+00 7.572702849246321755e+00
7.864047456370925282e+00 -6.819970687551435873e+00 -5.506049927142954381e+00 -1.276139402492811659e+00 -1.138157609479396815e+00 1.071321991115320316e+01
3.825194395174750017e+00 -5.063483956929183627e+00 -8.051803725047966154e+00 -1.723366956538272543e+00 2.436417441420293262e+00 5.633806334573231211e+00
8.678293900601296684e+00 -3.986314249082822947e+00 -6.266785300924715862e+00 -1.678479145688536400e+00 3.837472246835980094e+00 1.275672061641838440e+01
-4.317454425029841225e+00 4.629788143031932535e+00 5.992145946292875003e+00 -3.947308206047334789e+00 3.709294322566890401e+00 4.900776570274576471e+00
9.538118430111637736e+00 -5.292829155401574504e+00 -1.015722961344217801e+01 -2.942388900951056652e+00 1.946502060168712855e+00 1.064896139233710848e+01
7.736807442342114705e+00 -7.067984730682527861e+00 -5.964736395683814862e+00 4.237622930602213067e+00 -1.887472814516484299e+00 7.268445391915641096e+00
-5.653032269852640290e+00 -5.604246792179274905e-01 9.722001197186964205e+00 -4.090293504543738301e+00 6.007151875725228685e+00 1.601363281973975816e+00
7.811120422939296759e+00 -9.145000039043155837e+00 -7.826327509659921411e+00 -1.576291164651790311e+00 3.346408828749250830e+00 8.406972676301041503e+00
8.916584060858427918e+00 -5.051381423090516520e+00 -8.035498522017048728e+00 -1.911584606574688872e+00 6.935646296421745127e+00 1.198295635669233583e+01
-7.949272324087242936e+00 2.789078393139748258e+00 5.831072296314593117e+00 -2.797939279654426237e+00 6.908400549616492192e+00 1.880596587800275721e+00
-6.094475589343425703e+00 4.871744685234363104e+00 5.748039134741338430e+00 -3.276888399014808329e+00 6.377542985971295764e+00 6.424200513342235297e+00
8.614958475688357709e+00 -8.879890119515540192e+00 -6.967167423380574043e+00 -3.008168542397312351e+00 6.049966735444574084e-01 1.006061071272296203e+01
7.214094863004319791e+00 -5.392048823349322006e+00 -9.734713376727302858e+00 -2.391328186061473793e-01 3.634503723927364316e+00 7.950081915488452111e+00
9.761355444667094261e+00 -9.308069031277327099e+00 -6.177308873853105453e+00 -6.542136483384074497e-01 -1.159819082872583174e+00 1.122949875108545470e+01
-1.137311963325398700e+01 1.181838016383429224e+00 4.412392350605670366e+00 -6.013227288606057819e+00 7.629886522045867814e-01 1.040283672291867134e+00
-5.219303066861690432e+00 3.112738090893608423e+00 8.501526480606285574e+00 -2.469587862009252177e+00 3.267795896704516423e+00 4.244833518800973593e+00
-7.556126679582009231e+00 3.772185801089587009e+00 1.028307901603822216e+01 1.077351415186518224e-01 6.591860301805574807e+00 5.184813006847877048e+00
-7.275562468558911533e+00 2.474589056546784072e+00 5.755537899679154634e+00 -4.501989419377109947e+00 -1.606571095640036972e-01 4.946150968062156927e+00
7.350951466731792117e+00 -6.169307641025875810e+00 -7.181712838407174893e+00 -2.162938624641800867e-01 3.909856974088255832e+00 8.198975360540195823e+00
-4.432746534425447749e+00 1.599066705116312548e+00 8.966454438961390494e+00 -2.213950530848585174e+00 4.090959870788846153e+00 2.368245004370527873e+00
1.162933342845332163e+01 -6.456564706898165085e+00 -6.671049992663578010e+00 -1.475521725795655159e-01 1.257011821438248855e+00 9.008894801375367578e+00
